MAT 10 10
56	49	75	1	22	65	73	58	100	36
30	69	11	42	27	7	1	60	73	30
90	49	53	44	100	94	17	70	58	63
80	75	85	79	49	90	47	31	72	14
78	22	85	83	83	70	37	40	98	38
60	25	38	59	61	32	96	34	43	87
56	10	28	15	82	35	94	13	92	26
30	71	13	60	96	8	96	9	90	3
55	86	70	73	66	52	21	55	84	100
100	79	56	43	63	61	16	32	5	61
MAT 10 10
-0.318983009846 0.35575441597 0.0465377211603 0.209732460243 -0.0718615034962 -0.666190044649 0.258125342962 0.0440348638372 0.446793021089 -0.0914885440706 
-0.390322141809 -0.560881423588 0.165628310375 0.284745326666 0.287408880935 -0.319446369549 -0.418677666471 0.0564050500782 -0.134062282216 0.208453722885 
-0.307063164405 -0.253629467107 -0.446059718992 0.266536166709 0.0100816154657 0.203126541992 0.10861060078 -0.128069999659 0.0134093119378 -0.708260882243 
-0.374804799829 -0.161290412938 0.0483279934879 -0.477877486068 -0.152335759468 0.0999233550688 -0.0357072361782 -0.662976272445 0.322733181018 0.156984607215 
-0.387880012843 0.422317350855 -0.332275725868 -0.246676736683 0.531923959752 -0.0252685464779 0.086798351125 -0.036304965449 -0.431703526589 0.145392719347 
-0.212018949123 0.134394166115 -0.0347151969622 -0.364053408297 -0.560241794838 -0.22210470297 -0.453717800411 0.2478842605 -0.321408932148 -0.263504508294 
-0.273528456285 -0.401845414941 0.0316493378759 -0.318273295391 -0.124883968455 0.0637228359393 0.600289334219 0.51157650757 -0.0231699639726 0.138389358132 
-0.255922718434 0.169902092949 0.723973119995 0.210148655789 -0.0781168433 0.183533492232 0.241039365191 -0.20347474032 -0.392940034888 -0.20891793719 
-0.278014155817 0.224213994748 0.241053877615 -0.088143197128 0.260298360856 0.452760910023 -0.335158599729 0.41475399433 0.482661527101 -0.128444648678 
-0.313245871387 0.177415358533 -0.272467615637 0.478445510383 -0.45017417274 0.331953595678 -0.0289258727283 0.0322786690611 -0.0222324198364 0.502025130917 